0
30
128

1
17
111

2
71
138

3
99
158

4
66
144

5
50
128

6
8
193

7
60
150

8
52
131

9
44
161

10
74
159

11
56
196

12
58
112

13
40
196

14
33
134

15
28
108

16
45
198

17
7
130

18
62
199

19
94
182

0
68
148

1
1
173

2
96
144

3
73
164

4
4
104

5
5
169

6
48
125

7
34
155

8
31
194

9
36
179

10
75
128

11
66
115

12
65
184

13
60
128

14
30
164

15
82
200

16
86
164

17
39
154

18
19
193

19
23
119

0
60
118

1
30
113

2
56
125

3
66
129

4
42
109

5
81
164

6
29
121

7
65
175

8
38
103

9
10
106

10
12
200

11
75
148

12
29
122

13
53
123

14
57
142

15
87
191

16
43
106

17
10
198

18
70
102

19
15
182

0
40
200

1
84
147

2
17
141

3
11
175

4
6
151

5
9
109

6
89
189

7
14
128

8
5
171

9
42
155

10
69
102

11
57
105

12
47
153

13
86
123

14
98
101

15
98
112

16
42
140

17
68
141

18
5
144

19
91
152

0
88
102

1
65
131

2
9
155

3
83
199

4
2
162

5
44
142

6
36
175

7
24
104

8
53
176

9
18
147

10
34
105

11
31
126

12
22
130

13
8
198

14
49
189

15
63
156

16
6
109

17
17
165

18
14
169

19
35
198

0
56
109

1
98
155

2
49
156

3
71
131

4
69
157

5
13
184

6
67
111

7
37
117

8
77
121

9
82
169

10
29
199

11
21
119

12
23
196

13
64
132

14
28
187

15
66
130

16
16
192

17
37
140

18
95
169

19
40
138

0
89
172

1
59
171

2
40
145

3
26
151

4
56
163

5
87
184

6
68
167

7
36
197

8
27
154

9
37
152

10
30
163

11
9
108

12
28
146

13
58
166

14
4
140

15
22
156

16
85
106

17
30
145

18
16
172

19
42
182

0
77
192

1
3
114

2
62
152

3
95
135

4
31
173

5
2
197

6
57
188

7
34
154

8
4
107

9
37
175

10
67
183

11
11
125

12
79
181

13
16
149

14
42
101

15
46
170

16
56
190

17
1
161

18
5
198

19
35
106

0
19
158

1
60
165

2
95
196

3
26
158

4
53
179

5
60
188

6
22
156

7
60
143

8
20
148

9
84
152

10
30
121

11
13
105

12
3
153

13
31
172

14
78
196

15
86
154

16
52
129

17
54
159

18
53
101

19
84
186

0
99
142

1
27
189

2
25
181

3
59
173

4
82
120

5
83
196

6
8
107

7
66
106

8
70
169

9
91
101

10
4
171

11
97
141

12
88
186

13
87
113

14
6
199

15
44
156

16
37
166

17
16
130

18
70
160

19
15
178

0
3
153

1
31
117

2
64
141

3
74
163

4
96
120

5
4
150

6
1
117

7
91
149

8
15
116

9
65
200

10
16
140

11
27
195

12
43
165

13
98
134

14
54
149

15
94
154

16
96
163

17
65
133

18
59
153

19
91
105

0
73
117

1
89
180

2
48
153

3
91
194

4
75
171

5
75
105

6
46
176

7
60
193

8
4
125

9
10
172

10
39
120

11
42
131

12
86
174

13
53
181

14
95
104

15
84
160

16
32
133

17
35
140

18
94
143

19
65
108

0
62
155

1
98
165

2
90
124

3
13
125

4
60
144

5
5
142

6
50
148

7
6
141

8
35
160

9
33
199

10
66
120

11
34
157

12
4
124

13
20
173

14
31
137

15
60
150

16
27
120

17
76
132

18
15
144

19
92
145

0
91
185

1
60
118

2
45
190

3
61
174

4
31
160

5
16
181

6
16
129

7
65
194

8
20
127

9
73
158

10
3
133

11
75
173

12
40
149

13
56
122

14
71
137

15
29
166

16
71
116

17
63
127

18
76
183

19
48
143

0
82
191

1
71
120

2
58
106

3
49
193

4
83
126

5
71
191

6
68
130

7
53
161

8
77
185

9
24
177

10
14
200

11
20
193

12
73
193

13
26
146

14
27
115

15
63
165

16
49
195

17
35
166

18
87
111

19
44
135

0
32
169

1
31
137

2
88
166

3
86
157

4
41
102

5
87
190

6
55
104

7
18
115

8
96
157

9
92
189

10
75
180

11
89
167

12
73
118

13
56
177

14
4
169

15
54
138

16
13
194

17
5
183

18
58
199

19
91
186

0
100
139

1
18
172

2
42
139

3
11
131

4
18
145

5
89
104

6
17
148

7
28
188

8
14
195

9
63
156

10
74
190

11
57
143

12
54
125

13
67
129

14
63
197

15
44
145

16
44
187

17
43
130

18
34
116

19
69
103

0
91
113

1
58
183

2
44
182

3
25
163

4
26
181

5
23
151

6
23
160

7
83
158

8
4
130

9
74
112

10
86
175

11
50
154

12
27
170

13
77
197

14
89
134

15
16
140

16
64
108

17
79
137

18
73
151

19
5
152

0
49
110

1
91
104

2
53
163

3
73
134

4
27
154

5
61
173

6
93
172

7
86
164

8
24
170

9
27
196

10
80
114

11
69
180

12
57
188

13
25
174

14
43
181

15
96
196

16
29
194

17
23
149

18
94
175

19
90
160

0
26
177

1
82
139

2
10
108

3
67
169

4
1
171

5
33
133

6
52
197

7
9
107

8
90
166

9
50
193

10
84
134

11
44
168

12
64
160

13
29
190

14
39
177

15
100
188

16
42
134

17
2
168

18
63
193

19
27
170

0
40
123

1
12
137

2
6
176

3
25
135

4
93
116

5
39
166

6
66
120

7
14
156

8
12
120

9
18
125

10
39
137

11
56
122

12
2
143

13
42
122

14
51
181

15
58
148

16
20
154

17
33
131

18
1
122

19
23
117

0
33
146

1
9
184

2
9
196

3
87
148

4
72
129

5
40
134

6
73
101

7
93
140

8
53
193

9
84
193

10
51
148

11
30
161

12
7
177

13
56
142

14
5
128

15
71
148

16
55
175

17
38
197

18
39
113

19
48
170

0
78
191

1
92
144

2
69
184

3
30
161

4
14
189

5
28
194

6
13
121

7
80
198

8
12
121

9
35
160

10
98
155

11
59
159

12
65
168

13
82
129

14
25
156

15
52
113

16
43
174

17
68
158

18
100
102

19
80
147

0
56
144

1
50
152

2
53
122

3
69
146

4
51
116

5
25
172

6
21
171

7
74
102

8
30
158

9
15
136

10
38
170

11
99
118

12
26
177

13
97
181

14
30
182

15
44
153

16
25
166

17
6
164

18
2
179

19
8
133

0
51
180

1
89
109

2
62
193

3
14
101

4
73
145

5
78
132

6
20
168

7
59
146

8
84
123

9
26
196

10
92
103

11
63
145

12
88
152

13
86
186

14
56
175

15
26
168

16
36
154

17
71
124

18
91
193

19
77
105

0
17
148

1
18
153

2
34
185

3
67
111

4
63
179

5
88
174

6
33
155

7
38
147

8
71
112

9
78
133

10
74
110

11
66
158

12
8
144

13
52
188

14
27
158

15
39
161

16
3
115

17
17
188

18
86
165

19
28
185

0
93
136

1
23
102

2
75
170

3
82
115

4
2
125

5
69
136

6
14
196

7
4
109

8
46
131

9
40
155

10
7
193

11
75
193

12
50
144

13
66
187

14
79
110

15
84
179

16
90
167

17
32
164

18
13
172

19
13
149

0
97
141

1
85
154

2
81
157

3
70
146

4
4
143

5
20
112

6
18
129

7
54
193

8
20
154

9
97
200

10
9
158

11
59
120

12
29
164

13
12
105

14
51
103

15
51
168

16
40
105

17
90
140

18
37
185

19
58
117

0
32
192

1
22
116

2
31
198

3
33
107

4
26
152

5
5
130

6
69
190

7
88
141

8
4
129

9
9
130

10
97
156

11
70
149

12
75
126

13
36
193

14
88
151

15
91
108

16
33
120

17
98
183

18
80
102

19
25
157

0
82
129

1
78
170

2
59
111

3
55
178

4
14
175

5
42
152

6
40
159

7
17
169

8
13
180

9
92
161

10
16
158

11
34
143

12
45
183

13
46
179

14
90
143

15
84
110

16
42
176

17
95
147

18
49
182

19
10
129

0
47
181

1
53
175

2
33
173

3
97
108

4
57
164

5
64
148

6
60
194

7
85
180

8
14
167

9
15
160

10
61
184

11
53
151

12
99
132

13
86
176

14
95
112

15
22
191

16
43
139

17
28
107

18
82
181

19
34
176

0
81
136

1
20
115

2
48
125

3
66
182

4
10
159

5
31
155

6
87
155

7
91
105

8
96
143

9
95
155

10
44
184

11
85
171

12
58
198

13
27
103

14
41
166

15
87
128

16
64
195

17
54
106

18
5
103

19
52
125

0
68
179

1
57
102

2
57
118

3
64
150

4
56
102

5
92
110

6
18
154

7
40
101

8
53
151

9
33
127

10
78
126

11
30
172

12
22
137

13
42
105

14
27
188

15
53
112

16
86
136

17
10
191

18
15
188

19
5
102

0
78
162

1
97
159

2
87
199

3
93
197

4
94
180

5
80
122

6
64
129

7
82
155

8
49
133

9
48
138

10
54
111

11
76
102

12
14
123

13
32
110

14
62
128

15
88
155

16
51
196

17
30
145

18
4
175

19
43
154

0
20
153

1
96
110

2
75
159

3
63
125

4
98
189

5
95
114

6
39
138

7
47
173

8
13
165

9
21
135

10
95
111

11
32
145

12
48
134

13
31
101

14
55
112

15
69
167

16
24
142

17
24
104

18
87
181

19
16
188

0
96
110

1
37
165

2
70
158

3
10
111

4
57
122

5
86
142

6
66
170

7
15
119

8
65
144

9
62
190

10
43
117

11
76
169

12
63
166

13
1
124

14
64
101

15
97
130

16
61
156

17
33
145

18
48
138

19
77
165

0
60
156

1
19
172

2
90
190

3
2
158

4
45
198

5
60
152

6
59
102

7
35
187

8
79
194

9
89
153

10
23
184

11
75
154

12
43
111

13
27
173

14
67
162

15
80
124

16
59
150

17
95
192

18
83
183

19
99
119

0
56
151

1
75
147

2
96
158

3
82
107

4
83
111

5
31
195

6
46
187

7
98
180

8
23
138

9
92
187

10
10
183

11
37
120

12
19
193

13
48
171

14
62
116

15
16
159

16
61
119

17
21
101

18
93
117

19
63
151

0
22
176

1
35
161

2
96
164

3
5
153

4
15
131

5
32
169

6
54
105

7
11
166

8
95
173

9
43
160

10
5
183

11
38
109

12
92
190

13
46
116

14
77
169

15
45
108

16
88
169

17
19
173

18
92
101

19
27
144

0
44
168

1
40
195

2
90
199

3
56
180

4
25
159

5
43
102

6
89
109

7
4
113

8
89
149

9
63
109

10
83
107

11
46
172

12
8
159

13
81
171

14
98
122

15
41
105

16
68
175

17
24
150

18
99
113

19
57
145

